2 220 241 53 31
2 187 290 60 42
2 227 278 45 22
2 316 347 52 14
2 260 348 34 45
2 237 250 68 30
2 218 352 45 31
2 381 331 55 40
2 277 427 53 24
6 580 514 80 49
2 416 165 72 25
2 304 164 66 29
2 311 312 68 21
2 366 176 72 25
2 365 352 60 38
2 238 373 63 34
2 421 235 76 42
2 287 382 49 23
2 265 322 47 19
2 187 290 60 42
2 227 278 45 22
2 316 347 52 14
2 260 348 34 45
2 237 250 68 30
2 218 352 45 31
2 381 331 55 40
2 277 427 53 24
6 580 514 80 49
2 416 165 72 25
2 304 164 66 29
2 311 312 68 21
2 366 176 72 25
2 365 352 60 38
2 238 373 63 34
2 421 235 76 42
2 287 382 49 23
2 265 322 47 19
