2 449 148 63 20
2 408 171 55 16
2 420 225 52 16
2 448 229 66 25
2 450 231 68 26
2 473 162 61 16
2 420 196 65 32
2 412 271 42 18
2 519 289 49 16
2 437 253 43 15
6 580 514 80 49
2 625 144 52 20
2 525 127 58 14
2 517 220 64 18
2 623 175 43 24
2 576 223 35 21
2 455 272 52 30
2 575 190 34 19
2 538 250 58 18
2 408 171 55 16
2 420 225 52 16
2 448 229 66 25
2 450 231 68 26
2 473 162 61 16
2 420 196 65 32
2 412 271 42 18
2 519 289 49 16
2 437 253 43 15
6 580 514 80 49
2 625 144 52 20
2 525 127 58 14
2 517 220 64 18
2 623 175 43 24
2 576 223 35 21
2 455 272 52 30
2 575 190 34 19
2 538 250 58 18
