2 219 246 53 29
2 183 293 60 44
2 224 280 49 23
2 317 349 52 17
2 259 348 19 45
2 234 250 68 35
2 220 354 50 31
2 377 341 55 33
2 275 428 53 26
6 580 514 80 49
2 413 171 66 23
2 303 167 67 33
2 312 313 70 21
2 363 179 75 28
2 355 364 56 35
2 236 378 63 32
2 418 239 76 44
2 286 383 52 23
2 264 323 48 16
2 183 293 60 44
2 224 280 49 23
2 317 349 52 17
2 259 348 19 45
2 234 250 68 35
2 220 354 50 31
2 377 341 55 33
2 275 428 53 26
6 580 514 80 49
2 413 171 66 23
2 303 167 67 33
2 312 313 70 21
2 363 179 75 28
2 355 364 56 35
2 236 378 63 32
2 418 239 76 44
2 286 383 52 23
2 264 323 48 16
