2 334 354 111 59
2 245 325 97 40
2 357 260 134 74
2 487 384 116 71
2 213 391 124 56
2 258 420 97 58
2 150 450 114 47
2 371 448 107 100
2 310 448 94 55
2 201 470 142 73
2 231 515 109 52
2 417 347 119 89
2 410 530 49 31
2 200 370 112 70
2 425 333 107 57
6 584 508 58 61
2 245 325 97 40
2 357 260 134 74
2 487 384 116 71
2 213 391 124 56
2 258 420 97 58
2 150 450 114 47
2 371 448 107 100
2 310 448 94 55
2 201 470 142 73
2 231 515 109 52
2 417 347 119 89
2 410 530 49 31
2 200 370 112 70
2 425 333 107 57
6 584 508 58 61
