2 253 191 57 24
2 226 260 65 31
2 248 227 38 23
2 302 305 42 24
2 285 325 66 46
2 286 213 63 32
2 232 330 41 33
2 388 289 43 50
2 339 367 45 36
6 580 514 80 49
2 434 130 72 28
2 334 100 53 31
2 341 260 70 39
2 407 164 67 27
2 419 310 60 28
2 271 365 68 20
2 434 229 68 39
2 307 346 36 18
2 296 260 40 23
2 226 260 65 31
2 248 227 38 23
2 302 305 42 24
2 285 325 66 46
2 286 213 63 32
2 232 330 41 33
2 388 289 43 50
2 339 367 45 36
6 580 514 80 49
2 434 130 72 28
2 334 100 53 31
2 341 260 70 39
2 407 164 67 27
2 419 310 60 28
2 271 365 68 20
2 434 229 68 39
2 307 346 36 18
2 296 260 40 23
