2 263 162 58 21
2 255 219 58 45
2 263 211 43 22
2 286 282 51 27
2 299 305 60 41
2 309 169 70 43
2 238 292 48 41
2 371 302 50 29
2 361 337 65 32
6 580 514 80 49
2 445 146 75 21
2 372 74 53 19
2 359 261 70 28
2 441 178 75 16
2 439 300 57 25
2 295 334 56 31
2 441 227 67 39
2 315 315 30 14
2 337 228 62 27
2 255 219 58 45
2 263 211 43 22
2 286 282 51 27
2 299 305 60 41
2 309 169 70 43
2 238 292 48 41
2 371 302 50 29
2 361 337 65 32
6 580 514 80 49
2 445 146 75 21
2 372 74 53 19
2 359 261 70 28
2 441 178 75 16
2 439 300 57 25
2 295 334 56 31
2 441 227 67 39
2 315 315 30 14
2 337 228 62 27
