2 312 335 92 62
2 305 233 96 91
2 469 352 94 70
2 187 363 112 68
2 405 400 61 41
2 257 363 81 97
2 161 403 112 83
2 294 435 133 88
2 326 382 94 59
2 201 448 112 95
2 231 300 91 57
2 244 496 101 72
2 229 455 67 50
2 385 313 117 87
2 392 502 80 56
2 399 521 72 56
2 206 271 107 99
2 444 305 74 77
6 584 508 58 61
2 305 233 96 91
2 469 352 94 70
2 187 363 112 68
2 405 400 61 41
2 257 363 81 97
2 161 403 112 83
2 294 435 133 88
2 326 382 94 59
2 201 448 112 95
2 231 300 91 57
2 244 496 101 72
2 229 455 67 50
2 385 313 117 87
2 392 502 80 56
2 399 521 72 56
2 206 271 107 99
2 444 305 74 77
6 584 508 58 61
