2 475 164 54 22
2 431 180 54 17
2 446 224 54 18
2 491 245 65 17
2 506 161 58 16
2 453 200 66 19
2 446 274 45 15
2 462 252 43 15
6 580 514 80 49
2 618 141 43 24
2 524 128 54 17
2 538 203 47 23
2 626 170 43 24
2 612 200 33 23
2 483 239 54 19
2 540 280 29 13
2 497 264 51 25
2 586 183 27 19
2 553 243 42 17
2 431 180 54 17
2 446 224 54 18
2 491 245 65 17
2 506 161 58 16
2 453 200 66 19
2 446 274 45 15
2 462 252 43 15
6 580 514 80 49
2 618 141 43 24
2 524 128 54 17
2 538 203 47 23
2 626 170 43 24
2 612 200 33 23
2 483 239 54 19
2 540 280 29 13
2 497 264 51 25
2 586 183 27 19
2 553 243 42 17
