2 470 164 59 20
2 427 177 55 16
2 438 223 52 19
2 483 239 54 19
2 482 238 55 17
2 497 161 62 15
2 435 199 56 21
2 442 274 45 15
2 459 250 43 15
6 580 514 80 49
2 622 142 46 20
2 525 129 54 16
2 536 209 56 24
2 625 171 43 24
2 612 200 33 23
2 541 283 35 16
2 484 267 51 31
2 586 183 27 19
2 551 244 45 18
2 427 177 55 16
2 438 223 52 19
2 483 239 54 19
2 482 238 55 17
2 497 161 62 15
2 435 199 56 21
2 442 274 45 15
2 459 250 43 15
6 580 514 80 49
2 622 142 46 20
2 525 129 54 16
2 536 209 56 24
2 625 171 43 24
2 612 200 33 23
2 541 283 35 16
2 484 267 51 31
2 586 183 27 19
2 551 244 45 18
