2 215 263 49 30
2 176 313 59 46
2 209 297 44 29
2 263 356 70 27
2 224 264 63 38
2 205 365 55 26
2 363 374 65 31
2 266 433 48 22
6 580 514 80 49
2 409 195 68 22
2 271 197 64 23
2 305 325 76 26
2 319 216 71 30
2 326 400 59 23
2 225 384 62 26
2 393 271 68 38
2 268 392 46 25
2 260 321 48 16
2 245 341 39 16
2 176 313 59 46
2 209 297 44 29
2 263 356 70 27
2 224 264 63 38
2 205 365 55 26
2 363 374 65 31
2 266 433 48 22
6 580 514 80 49
2 409 195 68 22
2 271 197 64 23
2 305 325 76 26
2 319 216 71 30
2 326 400 59 23
2 225 384 62 26
2 393 271 68 38
2 268 392 46 25
2 260 321 48 16
2 245 341 39 16
