2 339 146 71 19
2 344 154 64 29
2 330 237 63 17
2 340 269 63 24
2 355 293 65 29
2 384 170 69 18
2 312 217 66 40
2 365 304 46 26
2 447 282 51 21
6 580 514 80 49
2 517 141 68 18
2 454 106 56 11
2 434 243 59 22
2 533 167 54 16
2 490 251 48 24
2 371 323 62 23
2 481 194 68 32
2 405 241 44 16
2 424 280 48 17
2 409 265 50 16
2 344 154 64 29
2 330 237 63 17
2 340 269 63 24
2 355 293 65 29
2 384 170 69 18
2 312 217 66 40
2 365 304 46 26
2 447 282 51 21
6 580 514 80 49
2 517 141 68 18
2 454 106 56 11
2 434 243 59 22
2 533 167 54 16
2 490 251 48 24
2 371 323 62 23
2 481 194 68 32
2 405 241 44 16
2 424 280 48 17
2 409 265 50 16
