2 489 163 54 22
2 437 182 51 17
2 447 228 54 16
2 505 244 69 18
2 505 161 59 16
2 461 201 60 17
2 462 281 45 15
2 474 257 36 13
6 580 514 80 49
2 616 137 43 24
2 526 128 52 17
2 540 198 43 21
2 629 168 43 24
2 613 198 33 23
2 508 262 51 25
2 586 183 27 19
2 555 241 35 16
2 554 271 40 19
2 437 182 51 17
2 447 228 54 16
2 505 244 69 18
2 505 161 59 16
2 461 201 60 17
2 462 281 45 15
2 474 257 36 13
6 580 514 80 49
2 616 137 43 24
2 526 128 52 17
2 540 198 43 21
2 629 168 43 24
2 613 198 33 23
2 508 262 51 25
2 586 183 27 19
2 555 241 35 16
2 554 271 40 19
