2 243 207 57 33
2 205 276 60 30
2 239 255 38 26
2 318 329 38 20
2 267 348 68 30
2 268 234 67 30
2 235 340 53 31
2 404 296 48 39
2 322 400 49 23
6 580 514 80 49
2 430 132 72 35
2 316 129 46 29
2 332 277 73 39
2 397 167 72 32
2 411 315 63 34
2 254 365 54 22
2 434 228 68 42
2 296 366 39 20
2 278 289 38 27
2 205 276 60 30
2 239 255 38 26
2 318 329 38 20
2 267 348 68 30
2 268 234 67 30
2 235 340 53 31
2 404 296 48 39
2 322 400 49 23
6 580 514 80 49
2 430 132 72 35
2 316 129 46 29
2 332 277 73 39
2 397 167 72 32
2 411 315 63 34
2 254 365 54 22
2 434 228 68 42
2 296 366 39 20
2 278 289 38 27
