2 333 141 77 19
2 330 156 56 32
2 324 234 58 15
2 334 271 63 24
2 351 295 66 31
2 379 167 70 21
2 304 221 66 34
2 365 306 46 25
2 436 288 50 27
6 580 514 80 49
2 510 140 68 20
2 445 105 56 11
2 424 244 69 24
2 529 165 60 15
2 487 253 48 24
2 368 324 69 23
2 474 197 68 36
2 394 242 44 14
2 414 287 47 20
2 398 266 50 16
2 330 156 56 32
2 324 234 58 15
2 334 271 63 24
2 351 295 66 31
2 379 167 70 21
2 304 221 66 34
2 365 306 46 25
2 436 288 50 27
6 580 514 80 49
2 510 140 68 20
2 445 105 56 11
2 424 244 69 24
2 529 165 60 15
2 487 253 48 24
2 368 324 69 23
2 474 197 68 36
2 394 242 44 14
2 414 287 47 20
2 398 266 50 16
