2 221 234 53 35
2 188 288 58 38
2 230 277 44 21
2 315 346 52 14
2 258 348 45 45
2 241 249 71 29
2 222 350 46 31
2 383 324 55 40
2 282 426 52 22
6 580 514 80 49
2 419 155 72 39
2 300 159 51 29
2 313 310 67 21
2 370 175 64 24
2 378 339 66 42
2 241 371 60 32
2 424 230 71 45
2 291 380 44 21
2 267 321 44 18
2 188 288 58 38
2 230 277 44 21
2 315 346 52 14
2 258 348 45 45
2 241 249 71 29
2 222 350 46 31
2 383 324 55 40
2 282 426 52 22
6 580 514 80 49
2 419 155 72 39
2 300 159 51 29
2 313 310 67 21
2 370 175 64 24
2 378 339 66 42
2 241 371 60 32
2 424 230 71 45
2 291 380 44 21
2 267 321 44 18
