2 313 340 92 75
2 470 432 78 59
2 258 408 96 68
2 205 460 65 76
2 265 436 141 90
2 367 362 99 59
2 245 515 85 68
2 230 342 103 67
2 331 522 85 75
2 215 462 37 39
2 329 479 78 61
2 414 391 95 91
2 425 529 61 39
2 446 506 85 68
2 227 372 91 102
6 584 508 58 61
2 470 432 78 59
2 258 408 96 68
2 205 460 65 76
2 265 436 141 90
2 367 362 99 59
2 245 515 85 68
2 230 342 103 67
2 331 522 85 75
2 215 462 37 39
2 329 479 78 61
2 414 391 95 91
2 425 529 61 39
2 446 506 85 68
2 227 372 91 102
6 584 508 58 61
