2 441 145 67 23
2 405 168 56 17
2 410 225 52 17
2 439 227 66 25
2 439 229 67 25
2 464 160 59 16
2 415 198 70 34
2 407 272 42 18
2 515 287 53 16
2 428 251 43 15
6 580 514 80 49
2 617 144 59 20
2 522 124 61 14
2 503 216 57 17
2 623 177 43 24
2 565 232 33 23
2 437 277 56 33
2 572 195 34 19
2 523 247 58 18
2 470 241 47 22
2 405 168 56 17
2 410 225 52 17
2 439 227 66 25
2 439 229 67 25
2 464 160 59 16
2 415 198 70 34
2 407 272 42 18
2 515 287 53 16
2 428 251 43 15
6 580 514 80 49
2 617 144 59 20
2 522 124 61 14
2 503 216 57 17
2 623 177 43 24
2 565 232 33 23
2 437 277 56 33
2 572 195 34 19
2 523 247 58 18
2 470 241 47 22
