2 372 154 74 23
2 364 163 59 13
2 353 239 53 15
2 386 261 62 21
2 375 278 46 20
2 417 165 68 19
2 343 216 64 25
2 377 287 35 20
2 473 278 59 17
6 580 514 80 49
2 554 150 70 16
2 449 227 56 19
2 566 173 64 17
2 517 238 44 24
2 405 303 62 33
2 512 184 67 27
2 427 228 44 18
2 454 259 49 22
2 436 246 51 23
2 364 163 59 13
2 353 239 53 15
2 386 261 62 21
2 375 278 46 20
2 417 165 68 19
2 343 216 64 25
2 377 287 35 20
2 473 278 59 17
6 580 514 80 49
2 554 150 70 16
2 449 227 56 19
2 566 173 64 17
2 517 238 44 24
2 405 303 62 33
2 512 184 67 27
2 427 228 44 18
2 454 259 49 22
2 436 246 51 23
