2 0.668555 0.383333 0.176172 0.142708
2 0.578516 0.740625 0.177344 0.300000
2 0.412109 0.472917 0.185156 0.091667
2 0.412109 0.337500 0.142969 0.139583
2 0.499609 0.201042 0.161719 0.118750
2 0.684375 0.201563 0.165625 0.161458
2 0.841211 0.340885 0.166016 0.069271
2 0.859766 0.438542 0.192969 0.077083
2 0.237500 0.668229 0.145313 0.269792
2 0.093750 0.399219 0.090625 0.130729
2 0.653320 0.739583 0.160547 0.098958
2 0.341602 0.898177 0.169922 0.139063
2 0.920312 0.215104 0.149219 0.110417
2 0.328516 0.090104 0.072656 0.159375
2 0.368750 0.188542 0.028125 0.158333
2 0.062109 0.568229 0.119531 0.107292
2 0.178125 0.666146 0.081250 0.238542
2 0.290625 0.480208 0.128125 0.081250
2 0.423828 0.521354 0.164844 0.080208