2 0.895117 0.900000 0.120703 0.098958
2 0.820508 0.724479 0.084766 0.178125
2 0.674023 0.932292 0.065234 0.134375
2 0.748047 0.777083 0.103906 0.258333
2 0.684375 0.461979 0.267188 0.246875
2 0.695508 0.233073 0.132422 0.167187
2 0.441797 0.067187 0.060156 0.115625
2 0.281055 0.339844 0.094922 0.068229
2 0.405078 0.469531 0.081250 0.148438
2 0.469922 0.892969 0.140625 0.105729
2 0.425977 0.764844 0.067578 0.290104
2 0.366016 0.589583 0.140625 0.356250
2 0.071094 0.894792 0.066406 0.210417
1 0.850000 0.316927 0.088281 0.292187
1 0.108789 0.187240 0.067578 0.284896
1 0.127344 0.578906 0.113281 0.253646
1 0.026953 0.811458 0.057031 0.179167
2 0.338281 0.177604 0.110937 0.071875