2 0.934028 0.343750 0.155556 0.137500
2 0.934028 0.343750 0.155556 0.137500
2 0.934028 0.343750 0.155556 0.137500
2 0.934028 0.343750 0.155556 0.137500
1 0.445139 0.279167 0.212500 0.266667
1 0.582292 0.118750 0.070139 0.231250
1 0.582292 0.118750 0.070139 0.231250
1 0.582292 0.118750 0.070139 0.231250
1 0.582292 0.118750 0.070139 0.231250
3 0.172222 0.160937 0.066667 0.242708
3 0.199306 0.630208 0.161111 0.052083
3 0.199306 0.630208 0.161111 0.052083
3 0.199306 0.630208 0.161111 0.052083
3 0.199306 0.630208 0.161111 0.052083