2 0.488281 0.397917 0.281250 0.122917
2 0.962305 0.894271 0.113672 0.110417
2 0.765625 0.985677 0.071875 0.117188
2 0.858008 0.919010 0.044922 0.161979
2 0.194922 0.491927 0.121094 0.076563
2 0.239063 0.641927 0.138281 0.268229
2 0.128320 0.765625 0.249609 0.180208
2 0.761328 0.496875 0.288281 0.134375
2 0.439453 0.533854 0.150781 0.114583
2 0.519336 0.151562 0.158984 0.089583
2 0.384961 0.168490 0.230859 0.182812
2 0.503516 0.231250 0.053125 0.147917
2 0.354297 0.447656 0.179688 0.051562
2 0.345313 0.511979 0.200000 0.114583
2 0.660547 0.471615 0.060937 0.279687
2 0.703125 0.333594 0.217969 0.075521
2 0.620898 0.135677 0.073828 0.268229
2 0.747070 0.112240 0.135547 0.196354
2 0.810547 0.365885 0.048438 0.243229
2 0.946875 0.360417 0.114844 0.289583
3 0.833203 0.823438 0.107031 0.111458