2 0.865820 0.329167 0.076953 0.275000
2 0.191406 0.475000 0.157031 0.401042
2 0.155859 0.867448 0.245312 0.135937
2 0.609180 0.075781 0.091016 0.213021
2 0.299023 0.564583 0.333203 0.137500
2 0.374414 0.071875 0.105859 0.178125
2 0.378125 0.223698 0.241406 0.182812
2 0.325195 0.395573 0.282422 0.154688
2 0.169922 0.234375 0.469531 0.301042
2 0.418750 0.769792 0.260156 0.267708
2 0.652148 0.909375 0.267578 0.135417
2 0.649805 0.690625 0.126953 0.413542
2 0.931641 0.103906 0.114844 0.151562
2 0.804102 0.682292 0.273828 0.203125
2 0.744531 0.519531 0.097656 0.319271
2 0.685742 0.310417 0.113672 0.294792
2 0.691016 0.121354 0.189844 0.088542
1 0.544531 0.350521 0.303125 0.288542