2 0.128125 0.519792 0.175694 0.112500
2 0.128125 0.519792 0.175694 0.112500
2 0.128125 0.519792 0.175694 0.112500
2 0.128125 0.519792 0.175694 0.112500
1 0.711806 0.342708 0.154167 0.293750
1 0.711806 0.342708 0.154167 0.293750
1 0.711806 0.342708 0.154167 0.293750
1 0.711806 0.342708 0.154167 0.293750
1 0.410070 0.202604 0.213194 0.319792
1 0.318056 0.766667 0.158333 0.362500
1 0.318056 0.766667 0.158333 0.362500
1 0.318056 0.766667 0.158333 0.362500
1 0.318056 0.766667 0.158333 0.362500
1 0.376042 0.467708 0.165972 0.154167
1 0.376042 0.467708 0.165972 0.154167
1 0.376042 0.467708 0.165972 0.154167
1 0.376042 0.467708 0.165972 0.154167