2 0.836328 0.049479 0.082031 0.053125
2 0.842578 0.147917 0.064844 0.039583
2 0.589063 0.210938 0.059375 0.092708
2 0.453516 0.172917 0.055469 0.047917
2 0.341406 0.233854 0.139063 0.042708
2 0.169531 0.518750 0.073438 0.104167
2 0.380859 0.699479 0.052344 0.057292
2 0.366797 0.602604 0.063281 0.061458
2 0.421875 0.540104 0.053125 0.055208
2 0.725781 0.539062 0.050000 0.117708
2 0.730859 0.394792 0.041406 0.077083
2 0.649609 0.412500 0.064844 0.043750
2 0.711328 0.263542 0.053906 0.066667
2 0.786328 0.265625 0.052344 0.054167
2 0.664453 0.585417 0.053906 0.089583
2 0.616015 0.208854 0.216406 0.155208
2 0.668359 0.091146 0.188281 0.105208
2 0.740234 0.288021 0.238281 0.103125
2 0.744531 0.406250 0.204687 0.108333
2 0.700391 0.550521 0.208594 0.198958
2 0.681640 0.848698 0.147656 0.182812
2 0.244531 0.906250 0.089063 0.168750
2 0.073828 0.760417 0.138281 0.120833
2 0.494531 0.334896 0.292187 0.111459
2 0.416406 0.480729 0.225000 0.138542
2 0.347656 0.586458 0.189062 0.120833
2 0.400000 0.697917 0.134375 0.227083
2 0.106641 0.527604 0.099219 0.069792
2 0.936719 0.266146 0.115625 0.201042
4 0.859766 0.932813 0.094531 0.042708