2 0.312109 0.225000 0.163281 0.358333
2 0.603125 0.480208 0.239063 0.604167
2 0.566016 0.193229 0.108594 0.286458
2 0.674609 0.130729 0.091406 0.253125
2 0.178516 0.783854 0.105469 0.173958
2 0.379297 0.548958 0.208594 0.122917
2 0.162500 0.418229 0.134375 0.138542
2 0.052734 0.537500 0.092969 0.068750
2 0.370703 0.447917 0.196094 0.070833
2 0.925000 0.808854 0.143750 0.138542
2 0.753516 0.806250 0.172656 0.227083
2 0.937109 0.406250 0.111719 0.210417
2 0.846484 0.455208 0.233594 0.097917
2 0.847656 0.276562 0.225000 0.146875
2 0.480078 0.176563 0.107031 0.313542