2 0.104102 0.213021 0.091797 0.186458
2 0.069922 0.358854 0.141406 0.367708
2 0.102734 0.796875 0.199219 0.256250
2 0.325000 0.903125 0.109375 0.187500
2 0.358398 0.703385 0.273047 0.144271
2 0.300781 0.596094 0.222656 0.119271
2 0.547656 0.907813 0.101562 0.171875
2 0.726367 0.866667 0.071484 0.236458
2 0.830859 0.957292 0.051562 0.070833
2 0.727734 0.698958 0.242969 0.156250
2 0.960156 0.594271 0.067187 0.342708
2 0.832031 0.551562 0.221875 0.165625
2 0.599414 0.511719 0.159766 0.319271
2 0.669727 0.394792 0.130078 0.267708
2 0.575195 0.301302 0.260547 0.130729
2 0.749219 0.174219 0.144531 0.345313
2 0.375781 0.453906 0.202344 0.221354
2 0.433984 0.072656 0.072656 0.145313
2 0.262500 0.068490 0.070312 0.125521
2 0.333984 0.131771 0.177344 0.242708
2 0.204883 0.290625 0.041016 0.186458
1 0.919532 0.182812 0.145313 0.084375