2 0.309028 0.930729 0.322222 0.153125
2 0.309028 0.930729 0.322222 0.153125
2 0.309028 0.930729 0.322222 0.153125
2 0.309028 0.930729 0.322222 0.153125
1 0.330208 0.944271 0.361806 0.178125
1 0.330208 0.944271 0.361806 0.178125
1 0.330208 0.944271 0.361806 0.178125
1 0.330208 0.944271 0.361806 0.178125
1 0.181597 0.158333 0.190972 0.131250
1 0.181597 0.158333 0.190972 0.131250
1 0.181597 0.158333 0.190972 0.131250
1 0.181597 0.158333 0.190972 0.131250
3 0.495833 0.236458 0.225000 0.218750
3 0.495833 0.236458 0.225000 0.218750
3 0.495833 0.236458 0.225000 0.218750
3 0.495833 0.236458 0.225000 0.218750
1 0.775000 0.604167 0.163889 0.400000