1 0.838542 0.438021 0.071528 0.328125
1 0.838542 0.438021 0.071528 0.328125
1 0.838542 0.438021 0.071528 0.328125
1 0.838542 0.438021 0.071528 0.328125
1 0.708333 0.577083 0.266667 0.245833
1 0.708333 0.577083 0.266667 0.245833
1 0.708333 0.577083 0.266667 0.245833
1 0.708333 0.577083 0.266667 0.245833
1 0.640278 0.861979 0.156944 0.263542
1 0.640278 0.861979 0.156944 0.263542
1 0.640278 0.861979 0.156944 0.263542
1 0.640278 0.861979 0.156944 0.263542
1 0.309722 0.305208 0.177778 0.227083
1 0.309722 0.305208 0.177778 0.227083
1 0.309722 0.305208 0.177778 0.227083
1 0.309722 0.305208 0.177778 0.227083