2 0.931250 0.342187 0.161111 0.105208
2 0.931250 0.342187 0.161111 0.105208
2 0.931250 0.342187 0.161111 0.105208
2 0.931250 0.342187 0.161111 0.105208
1 0.640625 0.751563 0.224306 0.073958
1 0.640625 0.751563 0.224306 0.073958
1 0.640625 0.751563 0.224306 0.073958
1 0.640625 0.751563 0.224306 0.073958
1 0.929167 0.338542 0.147222 0.110417
1 0.929167 0.338542 0.147222 0.110417
1 0.929167 0.338542 0.147222 0.110417
1 0.929167 0.338542 0.147222 0.110417
1 0.094444 0.564063 0.154167 0.109375
1 0.094444 0.564063 0.154167 0.109375
1 0.094444 0.564063 0.154167 0.109375
1 0.094444 0.564063 0.154167 0.109375
1 0.618403 0.896354 0.078472 0.205208
1 0.618403 0.896354 0.078472 0.205208
1 0.618403 0.896354 0.078472 0.205208
1 0.618403 0.896354 0.078472 0.205208
1 0.965625 0.572917 0.075694 0.156250
1 0.965625 0.572917 0.075694 0.156250
1 0.965625 0.572917 0.075694 0.156250
1 0.965625 0.572917 0.075694 0.156250
1 0.095139 0.329167 0.137500 0.093750
1 0.095139 0.329167 0.137500 0.093750
1 0.095139 0.329167 0.137500 0.093750
1 0.095139 0.329167 0.137500 0.093750
1 0.580556 0.177083 0.208333 0.108333
1 0.994444 0.662500 0.000000 0.000000
1 0.922222 0.804167 0.147222 0.250000
1 0.739583 0.455208 0.193056 0.139583