2 0.778906 0.831771 0.120313 0.323958
2 0.462891 0.757292 0.164844 0.212500
2 0.758203 0.579688 0.152344 0.043750
2 0.566797 0.403125 0.133594 0.302083
2 0.335938 0.444792 0.131250 0.239583
2 0.481445 0.332552 0.108203 0.308854
2 0.850391 0.275521 0.147656 0.463542
2 0.296094 0.182812 0.123438 0.215625
2 0.673242 0.497656 0.194922 0.209896
2 0.612695 0.745573 0.099609 0.341146
2 0.352344 0.848698 0.222656 0.097396
2 0.301563 0.633073 0.252344 0.095312
2 0.711133 0.219792 0.109766 0.309375
1 0.972266 0.602604 0.100000 0.308333