2 0.469922 0.830208 0.085156 0.329167
2 0.348047 0.585417 0.263281 0.168750
2 0.372656 0.473438 0.267188 0.078125
2 0.861328 0.666146 0.125781 0.194792
2 0.131641 0.891146 0.105469 0.209375
2 0.102734 0.615625 0.182031 0.143750
2 0.116797 0.371875 0.203906 0.175000
2 0.697656 0.159375 0.083594 0.221875
2 0.920117 0.137240 0.132422 0.089063
2 0.923047 0.409896 0.130469 0.167708
2 0.962305 0.753385 0.059766 0.144271
2 0.262500 0.215365 0.284375 0.108854
2 0.783594 0.519792 0.083594 0.266667
1 0.530859 0.313021 0.131250 0.271875
1 0.598047 0.648438 0.176563 0.072917
1 0.704688 0.760677 0.066406 0.214062
2 0.727734 0.366667 0.175781 0.337500