1 0.479167 0.179167 0.130556 0.295833
1 0.479167 0.179167 0.130556 0.295833
1 0.479167 0.179167 0.130556 0.295833
1 0.272222 0.513542 0.147222 0.343750
1 0.272222 0.513542 0.147222 0.343750
1 0.272222 0.513542 0.147222 0.343750
1 0.313194 0.905729 0.202778 0.192708
1 0.313194 0.905729 0.202778 0.192708
1 0.313194 0.905729 0.202778 0.192708
1 0.690278 0.931250 0.108333 0.131250
1 0.690278 0.931250 0.108333 0.131250
1 0.690278 0.931250 0.108333 0.131250
1 0.881597 0.447396 0.059028 0.190625
1 0.881597 0.447396 0.059028 0.190625
1 0.881597 0.447396 0.059028 0.190625
2 0.152778 0.743750 0.000000 0.000000
2 0.751389 0.862500 0.000000 0.000000
2 0.922222 0.333333 0.000000 0.000000
1 0.107639 0.860417 0.098611 0.241667
1 0.363889 0.275000 0.147222 0.237500