2 0.433984 0.258333 0.105469 0.237500
2 0.153906 0.241146 0.153125 0.132292
2 0.096484 0.690104 0.075781 0.298958
2 0.560156 0.816146 0.103125 0.211458
2 0.321875 0.768750 0.062500 0.150000
2 0.867578 0.470833 0.080469 0.185417
2 0.960938 0.245312 0.079687 0.134375
2 0.857422 0.315625 0.103906 0.166667
2 0.419141 0.483854 0.098437 0.175000
2 0.466016 0.664062 0.041406 0.136458
2 0.460547 0.822917 0.050781 0.133333
1 0.689063 0.524219 0.081250 0.363021
1 0.889453 0.915885 0.085938 0.159896
1 0.793555 0.703125 0.084766 0.252083