2 0.113672 0.581250 0.091406 0.229167
2 0.307422 0.677604 0.116406 0.180208
2 0.178906 0.924479 0.145313 0.148958
2 0.456641 0.930208 0.064844 0.172917
2 0.619922 0.933854 0.055469 0.134375
2 0.529297 0.971354 0.117969 0.063542
2 0.408594 0.365104 0.126562 0.065625
2 0.649219 0.563021 0.107813 0.153125
2 0.692187 0.460938 0.143750 0.186458
2 0.622266 0.388542 0.186719 0.241667
2 0.640234 0.228646 0.103906 0.063542
1 0.146875 0.089063 0.152344 0.246875
1 0.661914 0.694531 0.308984 0.127604
1 0.962695 0.732812 0.119922 0.172917
1 0.786523 0.920833 0.122266 0.232292