2 0.700781 0.502604 0.256250 0.176042
2 0.409766 0.779167 0.071094 0.252083
2 0.377734 0.423177 0.105469 0.166146
2 0.750195 0.863802 0.092578 0.189062
2 0.730078 0.262240 0.082812 0.146354
1 0.780469 0.559375 0.028125 0.320833
1 0.294531 0.638542 0.051562 0.133333
1 0.389453 0.594271 0.099219 0.055208
1 0.900781 0.670312 0.075000 0.111458
1 0.226172 0.280729 0.100781 0.046875
1 0.325000 0.186979 0.115625 0.030208
1 0.439063 0.080208 0.026562 0.100000
1 0.734375 0.274479 0.131250 0.180208
3 0.108008 0.273698 0.115234 0.199479
3 0.140039 0.619010 0.120703 0.258854
3 0.073828 0.853125 0.108594 0.254167