2 0.228516 0.725521 0.203906 0.103125
2 0.534375 0.557813 0.193750 0.132292
2 0.203516 0.488542 0.177344 0.116667
2 0.298438 0.330729 0.264062 0.098958
2 0.284766 0.156250 0.153906 0.081250
2 0.395313 0.485417 0.179688 0.112500
2 0.396484 0.587500 0.177344 0.106250
2 0.253516 0.627083 0.046094 0.170833
2 0.176172 0.809375 0.132031 0.081250
2 0.512109 0.301042 0.119531 0.208333
2 0.417969 0.242188 0.053125 0.255208
2 0.409375 0.415625 0.182812 0.060417
2 0.594922 0.858333 0.224219 0.108333
2 0.755078 0.348438 0.085156 0.401042
2 0.502344 0.177604 0.201563 0.094792
2 0.664844 0.684896 0.170313 0.088542
2 0.713281 0.541146 0.198437 0.098958
2 0.696484 0.415625 0.196094 0.089583
2 0.621484 0.178125 0.038281 0.200000
2 0.641406 0.730208 0.039062 0.250000
2 0.708203 0.314063 0.210156 0.107292
2 0.709766 0.080208 0.139844 0.115625
2 0.910937 0.547396 0.140625 0.257292
2 0.903516 0.316667 0.150781 0.079167
2 0.892578 0.117188 0.161719 0.165625
2 0.110937 0.290625 0.123438 0.206250
2 0.061328 0.624479 0.089844 0.173958