2 0.654492 0.116146 0.145703 0.246875
2 0.138867 0.514844 0.086328 0.128646
2 0.289453 0.494792 0.217969 0.170833
2 0.350781 0.264062 0.157812 0.336458
2 0.109375 0.111979 0.068750 0.121875
2 0.867773 0.290104 0.267578 0.231250
2 0.682617 0.384375 0.229297 0.135417
2 0.829688 0.782031 0.299219 0.418229
2 0.186328 0.868229 0.149219 0.321875
2 0.445312 0.923438 0.092188 0.157292
2 0.615625 0.946875 0.093750 0.135417
2 0.649219 0.096875 0.068750 0.122917
2 0.387891 0.778646 0.213281 0.113542
2 0.973047 0.641667 0.078906 0.154167
2 0.545703 0.886458 0.128906 0.072917
2 0.744922 0.584896 0.228906 0.067708
2 0.442969 0.188542 0.146875 0.350000
2 0.470703 0.344271 0.085156 0.217708
2 0.475000 0.636458 0.207813 0.160417