2 0.700781 0.776302 0.281250 0.229687
2 0.349609 0.735938 0.221094 0.226042
2 0.907422 0.577083 0.316406 0.119792
2 0.243359 0.264583 0.130469 0.320833
2 0.136523 0.551042 0.146484 0.148958
2 0.045703 0.429948 0.151562 0.150521
2 0.062109 0.093490 0.104688 0.186979
2 0.428906 0.260937 0.140625 0.314583
2 0.377734 0.461719 0.242188 0.192188
2 0.591406 0.368229 0.104688 0.325000
2 0.489063 0.039323 0.102344 0.099479
2 0.643945 0.108594 0.103516 0.227604
2 0.721094 0.174479 0.162500 0.238542
2 0.781055 0.302083 0.184766 0.231250
2 0.049805 0.702604 0.130078 0.212500
2 0.468359 0.865625 0.113281 0.321875
2 0.264258 0.950000 0.287891 0.132292
2 0.378516 0.569531 0.224219 0.116146
2 0.915039 0.361458 0.112891 0.242708
2 0.912891 0.685937 0.175781 0.183333
2 0.763477 0.435417 0.277734 0.145833
2 0.722070 0.563542 0.244141 0.142708