2 0.693164 0.686198 0.175391 0.139063
2 0.563281 0.928125 0.121875 0.154167
2 0.358203 0.934896 0.113281 0.217708
2 0.377344 0.641667 0.214062 0.125000
2 0.374609 0.457552 0.208594 0.173437
2 0.162695 0.696354 0.110547 0.341667
2 0.077344 0.647396 0.123438 0.263542
2 0.924219 0.868750 0.171875 0.181250
2 0.817187 0.967187 0.064062 0.092708
2 0.966016 0.632292 0.096094 0.168750
2 0.803320 0.467187 0.273828 0.122917
2 0.934766 0.209896 0.167969 0.092708
2 0.691016 0.057813 0.094531 0.144792
2 0.407813 0.103125 0.139063 0.189583
2 0.070703 0.131771 0.125781 0.290625
2 0.018164 0.445312 0.067578 0.167708
2 0.301563 0.046875 0.082812 0.133333
2 0.657031 0.300000 0.207813 0.233333
2 0.434766 0.262500 0.075781 0.256250
3 0.937695 0.326042 0.173047 0.080208