2 0.332422 0.311979 0.210156 0.213542
2 0.099219 0.327604 0.068750 0.359375
2 0.879297 0.602083 0.150781 0.241667
2 -0.466016 0.492188 0.814844 0.092708
2 0.042773 0.218490 0.150391 0.156771
2 0.349219 0.321875 0.255469 0.153125
2 0.265234 0.438542 0.106250 0.283333
2 0.336523 0.525260 0.084766 0.276562
2 0.632617 0.914323 0.257422 0.091146
2 0.560742 0.537500 0.234766 0.141667
2 0.766797 0.852083 0.096875 0.173958
2 0.943164 0.795052 0.048828 0.227604
2 0.873633 0.633073 0.175391 0.155729
2 0.703515 0.686719 0.125781 0.204687
2 0.503320 0.230729 0.095703 0.169792
2 0.606445 0.265365 0.165234 0.117188
2 0.612695 0.127344 0.058203 0.188021
2 0.883789 0.220052 0.122266 0.066146
2 0.850586 0.879948 0.074609 0.141146
2 0.809570 0.273698 0.134766 0.096354
2 0.777930 0.512240 0.251953 0.110937
2 0.966406 0.439323 0.092188 0.311979