2 0.654102 0.104427 0.177734 0.097396
2 0.922656 0.571094 0.167969 0.136979
2 0.746875 0.853125 0.090625 0.235417
2 0.245312 0.469271 0.171875 0.167708
2 0.451562 0.321875 0.100000 0.239583
2 0.148047 0.852604 0.069531 0.290625
2 0.170117 0.288542 0.219141 0.089583
2 0.490820 0.882552 0.188672 0.206771
2 0.730664 0.293750 0.198828 0.140625
2 0.663086 0.441667 0.200391 0.079167
2 0.715039 0.539844 0.215234 0.105729
2 0.620508 0.790365 0.123828 0.286979
2 0.403711 0.555208 0.095703 0.162500
3 0.479297 0.109375 0.082031 0.127083