2 0.674306 0.582292 0.206944 0.172917
2 0.674306 0.582292 0.206944 0.172917
2 0.674306 0.582292 0.206944 0.172917
2 0.674306 0.582292 0.206944 0.172917
2 0.321875 0.440104 0.163194 0.438542
2 0.321875 0.440104 0.163194 0.438542
2 0.321875 0.440104 0.163194 0.438542
2 0.321875 0.440104 0.163194 0.438542
1 0.611111 0.297917 0.147222 0.170833
1 0.611111 0.297917 0.147222 0.170833
1 0.611111 0.297917 0.147222 0.170833
1 0.611111 0.297917 0.147222 0.170833
1 0.670833 0.066667 0.212500 0.100000
1 0.670833 0.066667 0.212500 0.100000
1 0.670833 0.066667 0.212500 0.100000
1 0.670833 0.066667 0.212500 0.100000
1 0.111458 0.567708 0.171528 0.083333
1 0.111458 0.567708 0.171528 0.083333
1 0.111458 0.567708 0.171528 0.083333
1 0.111458 0.567708 0.171528 0.083333