2 0.606641 0.294792 0.150781 0.185417
2 0.643164 0.399219 0.123828 0.110937
2 0.781641 0.418750 0.097656 0.147917
2 0.935937 0.403125 0.095312 0.154167
2 0.932813 0.520833 0.089063 0.206250
2 0.844531 0.625521 0.071875 0.203125
2 0.800000 0.850521 0.137500 0.196875
2 0.889844 0.957031 0.076563 0.081771
2 0.512891 0.804167 0.121094 0.108333
2 0.361719 0.943229 0.073438 0.113542
2 0.426563 0.662500 0.118750 0.112500
2 0.442188 0.489583 0.082812 0.139583
2 0.116797 0.585417 0.088281 0.225000
1 0.694531 0.628646 0.204687 0.296875