2 0.414258 0.280469 0.137109 0.232813
2 0.615820 0.684375 0.257422 0.298958
2 0.353516 0.084115 0.072656 0.169271
2 0.289062 0.536458 0.125000 0.191667
2 0.712891 0.469792 0.141406 0.264583
2 0.498828 0.200000 0.150781 0.183333
2 0.293945 0.388802 0.121484 0.068229
2 0.305469 0.806771 0.133594 0.288542
2 0.183008 0.785677 0.112109 0.174479
2 0.135742 0.562760 0.073828 0.171354
2 0.906836 0.495573 0.152734 0.211979
2 0.821680 0.142187 0.081641 0.278125
2 0.952930 0.161458 0.115234 0.162500
2 0.202930 0.762760 0.062891 0.049479
2 0.088477 0.246615 0.037891 0.084896
2 0.660156 0.105729 0.070312 0.194792
2 0.540234 0.172396 0.213281 0.086458
2 0.466406 0.499479 0.160938 0.148958
2 0.657813 0.251042 0.129688 0.264583