2 0.751172 0.523958 0.163281 0.220833
2 0.574023 0.513802 0.122266 0.185938
2 0.594922 0.804688 0.114844 0.213542
2 0.766016 0.885417 0.122656 0.202083
2 0.735352 0.315104 0.169141 0.153125
2 0.846484 0.202083 0.086719 0.333333
2 0.225391 0.219792 0.196094 0.141667
2 0.502734 0.229167 0.107031 0.254167
2 0.579688 0.608333 0.151562 0.110417
2 0.431250 0.507812 0.141406 0.101042
2 0.941406 0.677604 0.107813 0.173958
2 0.932422 0.406771 0.133594 0.142708
2 0.164844 0.397396 0.135937 0.117708
2 0.664062 0.077344 0.124219 0.161979
2 0.953906 0.819271 0.109375 0.178125
2 0.954688 0.516667 0.098437 0.102083
2 0.449609 0.801562 0.139844 0.111458
2 0.449609 0.398438 0.185156 0.071875