2 0.706445 0.543750 0.156641 0.083333
2 0.704688 0.405729 0.135937 0.194792
2 0.952539 0.436979 0.087109 0.084375
2 0.896680 0.208073 0.196484 0.102604
2 0.721680 0.232031 0.123828 0.235937
2 0.644141 0.215885 0.071875 0.274479
2 0.581055 0.245573 0.052734 0.244271
2 0.491992 0.197135 0.119141 0.208854
2 0.721094 0.051562 0.266406 0.100000
2 0.378125 0.345313 0.150000 0.173958
2 0.195508 0.411719 0.134766 0.192188
2 0.383203 0.514062 0.249219 0.178125
2 0.219531 0.520833 0.057813 0.147917
2 0.390234 0.755208 0.099219 0.177083
2 0.532813 0.853906 0.174219 0.141146
2 0.725781 0.846354 0.103125 0.280208
2 0.573047 0.449740 0.107813 0.311979
2 0.901563 0.657813 0.101562 0.109375