2 0.806641 0.245833 0.119531 0.145833
2 0.526563 0.840625 0.153125 0.083333
2 0.437891 0.708333 0.094531 0.170833
2 0.268750 0.749479 0.109375 0.123958
2 0.337109 0.664583 0.125781 0.139583
2 0.568359 0.754687 0.060156 0.215625
2 0.448828 0.438542 0.080469 0.285417
2 0.889648 0.372917 0.119922 0.141667
2 0.053320 0.168750 0.077734 0.217708
2 0.946875 0.153906 0.074219 0.197396
2 0.085156 0.901823 0.086719 0.227604
1 0.721484 0.481510 0.128125 0.343229
1 0.937109 0.833333 0.116406 0.339583
1 0.821680 0.590885 0.055859 0.214062