2 0.399306 0.354167 0.173611 0.329167
2 0.399306 0.354167 0.173611 0.329167
2 0.399306 0.354167 0.173611 0.329167
2 0.399306 0.354167 0.173611 0.329167
2 0.716667 0.384375 0.136111 0.310417
2 0.716667 0.384375 0.136111 0.310417
2 0.716667 0.384375 0.136111 0.310417
2 0.716667 0.384375 0.136111 0.310417
2 0.644097 0.716667 0.253472 0.258333
2 0.644097 0.716667 0.253472 0.258333
2 0.644097 0.716667 0.253472 0.258333
2 0.644097 0.716667 0.253472 0.258333
1 0.647569 0.725000 0.250694 0.204167
1 0.647569 0.725000 0.250694 0.204167
1 0.647569 0.725000 0.250694 0.204167
1 0.647569 0.725000 0.250694 0.204167
1 0.869097 0.647917 0.190972 0.097917
1 0.869097 0.647917 0.190972 0.097917
1 0.869097 0.647917 0.190972 0.097917
1 0.869097 0.647917 0.190972 0.097917