2 0.872266 0.466667 0.128906 0.347917
2 0.339258 0.674740 0.290234 0.152604
2 0.357227 0.446094 0.223828 0.195312
2 0.684766 0.339583 0.177344 0.300000
3 0.455859 0.255208 0.378906 0.268750
2 0.842187 0.147396 0.198437 0.082292
2 0.735938 0.738021 0.089063 0.338542
2 0.870313 0.765104 0.112500 0.357292
2 0.636719 0.727083 0.120313 0.414583
2 0.606250 0.514583 0.181250 0.172917
2 0.539453 0.902604 0.107031 0.153125
2 0.189453 0.402083 0.203906 0.304167
2 0.086719 0.225000 0.128125 0.400000
2 0.092969 0.645312 0.126562 0.232292
2 0.340625 0.884896 0.109375 0.196875
2 0.351172 0.125000 0.105469 0.225000