2 0.346484 0.402604 0.194531 0.317708
2 0.753125 0.702083 0.275000 0.143750
2 0.232813 0.666667 0.237500 0.279167
2 0.464453 0.739583 0.178906 0.229167
2 0.902734 0.757292 0.024219 0.279167
2 0.066016 0.458333 0.132031 0.068750
2 0.764062 0.239063 0.134375 0.259375
2 0.467578 0.228646 0.144531 0.280208
2 0.558984 0.442188 0.166406 0.090625
2 0.716797 0.559896 0.225781 0.101042
2 0.737500 0.427604 0.248438 0.157292
2 0.641016 0.121354 0.096094 0.207292
2 0.585547 0.329167 0.141406 0.158333
2 0.233594 0.290625 0.081250 0.314583
2 0.098437 0.367188 0.103125 0.165625
2 0.250391 0.925000 0.258594 0.116667
1 0.871875 0.348958 0.239063 0.400000