2 0.676389 0.482292 0.211111 0.272917
2 0.676389 0.482292 0.211111 0.272917
2 0.676389 0.482292 0.211111 0.272917
2 0.676389 0.482292 0.211111 0.272917
2 0.558333 0.853125 0.205556 0.239583
2 0.558333 0.853125 0.205556 0.239583
2 0.558333 0.853125 0.205556 0.239583
2 0.558333 0.853125 0.205556 0.239583
2 0.538889 0.200521 0.108333 0.340625
2 0.538889 0.200521 0.108333 0.340625
2 0.538889 0.200521 0.108333 0.340625
2 0.538889 0.200521 0.108333 0.340625
1 0.559375 0.838542 0.188194 0.216667
1 0.559375 0.838542 0.188194 0.216667
1 0.559375 0.838542 0.188194 0.216667
1 0.559375 0.838542 0.188194 0.216667
1 0.540278 0.191667 0.108333 0.316667
1 0.540278 0.191667 0.108333 0.316667
1 0.540278 0.191667 0.108333 0.316667
1 0.540278 0.191667 0.108333 0.316667