2 0.772852 0.412760 0.223047 0.200521
2 0.811523 0.266927 0.166016 0.092188
2 0.758203 0.123438 0.079687 0.180208
2 0.696094 0.291146 0.176563 0.121875
2 0.871289 0.062760 0.035547 0.129688
2 0.820508 0.097656 0.056641 0.192188
2 0.663477 0.109635 0.144922 0.131771
2 0.533789 0.247396 0.155859 0.189583
2 0.557031 0.188021 0.082812 0.093750
2 0.436719 0.142448 0.113281 0.205729
2 0.342187 0.180990 0.062500 0.179688
2 0.269336 0.221875 0.074609 0.255208
2 0.185547 0.221094 0.095312 0.266146
2 0.108203 0.360938 0.161719 0.244792
2 0.293359 0.514062 0.167969 0.355208
2 0.391797 0.479167 0.150781 0.172917
2 0.184180 0.737500 0.160547 0.107292
2 0.465625 0.785156 0.097656 0.210938
2 0.641016 0.799740 0.251563 0.174479
2 0.750391 0.676823 0.207031 0.170313
2 0.855469 0.536198 0.241406 0.205729
2 0.723047 0.549219 0.192969 0.103646