2 0.586458 0.255208 0.147917 0.256250
2 0.586458 0.255208 0.147917 0.256250
2 0.586458 0.255208 0.147917 0.256250
2 0.586458 0.255208 0.147917 0.256250
2 0.725694 0.726042 0.137500 0.464583
2 0.725694 0.726042 0.137500 0.464583
2 0.725694 0.726042 0.137500 0.464583
2 0.725694 0.726042 0.137500 0.464583
1 0.209028 0.272917 0.148611 0.433333
1 0.209028 0.272917 0.148611 0.433333
1 0.209028 0.272917 0.148611 0.433333
1 0.209028 0.272917 0.148611 0.433333
1 0.703472 0.715625 0.118056 0.439583
1 0.703472 0.715625 0.118056 0.439583
1 0.703472 0.715625 0.118056 0.439583
1 0.703472 0.715625 0.118056 0.439583
1 0.847917 0.743750 0.123611 0.350000
1 0.847917 0.743750 0.123611 0.350000
1 0.847917 0.743750 0.123611 0.350000
1 0.847917 0.743750 0.123611 0.350000