2 0.844444 0.730208 0.200000 0.118750
2 0.844444 0.730208 0.200000 0.118750
2 0.844444 0.730208 0.200000 0.118750
2 0.844444 0.730208 0.200000 0.118750
2 0.640278 0.571354 0.168056 0.130208
2 0.640278 0.571354 0.168056 0.130208
2 0.640278 0.571354 0.168056 0.130208
2 0.640278 0.571354 0.168056 0.130208
2 0.392361 0.407292 0.143056 0.337500
2 0.392361 0.407292 0.143056 0.337500
2 0.392361 0.407292 0.143056 0.337500
2 0.392361 0.407292 0.143056 0.337500
2 0.579167 0.837500 0.184722 0.266667
2 0.579167 0.837500 0.184722 0.266667
2 0.579167 0.837500 0.184722 0.266667
2 0.579167 0.837500 0.184722 0.266667