2 0.505078 0.228125 0.074219 0.258333
2 0.885938 0.294792 0.218750 0.164583
2 0.717187 0.395833 0.204687 0.116667
2 0.581250 0.841667 0.192188 0.252083
2 0.360547 0.522917 0.158594 0.237500
2 0.398438 0.795833 0.134375 0.254167
2 0.160938 0.401562 0.176563 0.107292
2 0.091797 0.255729 0.151562 0.076042
2 0.260937 0.053906 0.154688 0.154688
2 0.280273 0.423958 0.058984 0.252083
2 0.405664 0.117969 0.071484 0.181771
2 0.855859 0.186458 0.137500 0.055208
2 0.616406 0.197396 0.085938 0.169792
2 0.406641 0.314063 0.188281 0.098958
2 0.194141 0.775781 0.050781 0.141146