1 0.676953 0.433854 0.245312 0.098958
2 0.231055 0.784896 0.069922 0.178125
2 0.414258 0.568490 0.128515 0.131771
2 0.836328 0.626042 0.060156 0.239583
2 0.883594 0.482812 0.143750 0.073958
2 0.333398 0.452604 0.038672 0.148958
2 0.457422 0.342187 0.107031 0.098958
2 0.616797 0.213542 0.125000 0.064583
2 0.225000 0.140625 0.128125 0.076042
1 0.652344 0.727604 0.103125 0.361458
1 0.400000 0.975000 0.104688 0.150000
2 0.433984 0.482292 0.107031 0.143750
2 0.458203 0.196875 0.097656 0.118750