2 0.419141 0.922396 0.247656 0.132292
2 0.465234 0.771354 0.103906 0.165625
2 0.515234 0.666667 0.225781 0.097917
2 0.080859 0.691146 0.097656 0.067708
2 0.104297 0.734375 0.207031 0.135417
2 0.049609 0.493229 0.102344 0.207292
2 0.291797 0.644271 0.136719 0.109375
2 0.262891 0.588542 0.082031 0.197917
2 0.078516 0.361979 0.086719 0.130208
2 0.101172 0.338542 0.080469 0.068750
2 0.164453 0.290104 0.072656 0.234375
2 0.212109 0.436979 0.210156 0.119792
2 0.289062 0.378646 0.125000 0.113542
2 0.275781 0.128125 0.082812 0.235417
2 0.344922 0.164062 0.050781 0.190625
2 0.366797 0.315104 0.114844 0.101042
2 0.398047 0.260417 0.069531 0.275000
2 0.446484 0.110937 0.091406 0.219792
2 0.531641 0.217708 0.139844 0.185417
2 0.662891 0.235417 0.113281 0.110417
2 0.650000 0.120313 0.109375 0.134375
2 0.688672 0.089063 0.100781 0.126042
2 0.828906 0.044271 0.095312 0.086458
2 0.382031 0.584375 0.095312 0.139583
2 0.478516 0.487500 0.136719 0.193750
2 0.437500 0.430208 0.304688 0.175000
2 0.688281 0.281771 0.157812 0.198958
2 0.810156 0.252083 0.159375 0.095833
2 0.773047 0.365625 0.163281 0.141667
2 0.720313 0.429167 0.215625 0.220833
2 0.594531 0.545312 0.250000 0.109375
2 0.957812 0.457292 0.076563 0.060417
2 0.953906 0.335938 0.089063 0.209375
2 0.745313 0.560937 0.126562 0.094792
3 0.776953 0.851562 0.108594 0.094792