1 0.103516 0.119271 0.067969 0.148958
2 0.137500 0.935937 0.056250 0.107292
2 0.463672 0.916146 0.135156 0.165625
2 0.682813 0.903125 0.109375 0.185417
2 0.904297 0.654167 0.072656 0.208333
2 0.915234 0.331771 0.166406 0.163542
2 0.188672 0.562500 0.046094 0.131250
2 0.178906 0.467187 0.101562 0.165625
2 0.085156 0.336458 0.056250 0.168750
2 0.289844 0.593750 0.117188 0.410417
2 0.345703 0.623958 0.246094 0.112500
2 0.367188 0.709896 0.215625 0.169792
2 0.375391 0.778646 0.197656 0.207292
2 0.526953 0.306771 0.136719 0.257292
2 0.634375 0.121875 0.120313 0.127083
2 0.769922 0.201042 0.103906 0.085417
2 0.726953 0.285938 0.135156 0.063542
2 0.633594 0.351042 0.089063 0.225000
2 0.697656 0.416667 0.175000 0.122917
2 0.694922 0.541667 0.222656 0.131250
2 0.680469 0.629167 0.131250 0.156250
2 0.694922 0.770833 0.214844 0.243750
2 0.750000 0.794271 0.287500 0.132292
2 0.489453 0.493229 0.178906 0.128125
2 0.473828 0.367188 0.263281 0.213542
2 0.325391 0.422917 0.230469 0.197917
2 0.210547 0.104167 0.113281 0.202083