2 0.705469 0.713542 0.175000 0.316667
2 0.928125 0.752083 0.107031 0.442708
2 0.473438 0.191667 0.079687 0.279167
2 0.586719 0.190104 0.114062 0.153125
2 0.651172 0.146615 0.078906 0.227604
2 0.745508 0.167969 0.100391 0.183854
2 0.392578 0.425000 0.199219 0.114583
2 0.354687 0.656771 0.293750 0.159375
2 0.390234 0.540104 0.197656 0.101042
2 0.637695 0.393750 0.091015 0.281250
3 0.138672 0.613021 0.050781 0.155208
2 0.171484 0.784896 0.116406 0.196875
2 0.050000 0.874479 0.096875 0.090625
2 0.531641 0.603125 0.153906 0.108333
2 0.462891 0.370312 0.088281 0.167708
2 0.232031 0.426042 0.132812 0.104167
2 0.155078 0.363542 0.103906 0.187500
2 0.842578 0.536979 0.094531 0.278125
2 0.944141 0.430208 0.107031 0.118750
2 0.946094 0.273438 0.098437 0.109375
2 0.733594 0.363021 0.092188 0.184375
2 0.784766 0.273438 0.160156 0.090625
2 0.733594 0.541667 0.157812 0.072917
2 0.535547 0.952083 0.092969 0.089583
3 0.714844 0.895312 0.082812 0.130208
2 0.506641 0.139583 0.089844 0.275000