2 0.305859 0.465625 0.282031 0.152083
2 0.923828 0.702604 0.138281 0.219792
2 0.384961 0.186979 0.116016 0.115625
2 0.415625 0.714063 0.156250 0.094792
2 0.457031 0.808854 0.167187 0.121875
2 0.635938 0.576042 0.123438 0.083333
2 0.613281 0.705208 0.078125 0.158333
2 0.572656 0.935417 0.090625 0.112500
2 0.850391 0.410938 0.072656 0.201042
2 0.705859 0.047917 0.096094 0.075000
1 0.719922 0.480208 0.299219 0.270833
1 0.674609 0.531771 0.110156 0.182292
2 0.919531 0.280208 0.028125 0.135417
3 0.703906 0.970833 0.110937 0.045833