2 0.751563 0.722396 0.260937 0.184375
2 0.732422 0.452604 0.241406 0.148958
2 0.921680 0.725521 0.148828 0.251042
2 0.115039 0.493490 0.141797 0.091146
2 0.062305 0.415885 0.122266 0.166146
2 0.055664 0.678125 0.100391 0.202083
2 0.263281 0.924479 0.282813 0.147917
2 0.777148 0.261719 0.203516 0.232813
2 0.245508 0.265885 0.116797 0.295313
2 0.588672 0.339062 0.146875 0.191667
2 0.401172 0.296875 0.166406 0.310417
2 0.593164 0.909896 0.122266 0.172917
2 0.499023 0.883073 0.097266 0.219271
2 0.495312 0.556510 0.253125 0.392188
2 0.297461 0.695573 0.061328 0.286979
1 0.857812 0.529427 0.279687 0.097396
2 0.395703 0.853646 0.089844 0.238542
2 0.675781 0.914583 0.193750 0.164583
2 0.919531 0.358333 0.117188 0.237500
2 0.650391 0.109375 0.086719 0.212500
2 0.739453 0.115625 0.094531 0.195833
2 0.458203 0.185938 0.130469 0.315625
2 0.323437 0.656250 0.271875 0.118750
2 0.383203 0.570312 0.169531 0.107292
2 0.300781 0.466146 0.239063 0.123958