2 0.433789 0.198437 0.122265 0.271875
2 0.366016 0.442188 0.186719 0.144792
2 0.432422 0.546354 0.153906 0.069792
2 0.567969 0.790104 0.125000 0.359375
2 0.815234 0.761458 0.121094 0.237500
2 0.958984 0.884896 0.052344 0.182292
2 0.642188 0.492708 0.176563 0.250000
2 0.789062 0.086979 0.076563 0.163542
2 0.875000 0.280208 0.168750 0.168750
2 0.200781 0.731771 0.154688 0.092708
2 0.175000 0.792708 0.101562 0.187500
2 0.125781 0.444792 0.068750 0.135417
2 0.399219 0.645312 0.135937 0.132292
2 0.480469 0.899479 0.154688 0.111458
2 0.245312 0.911979 0.109375 0.119792
2 0.730078 0.637500 0.191406 0.108333
2 0.203516 0.605208 0.164844 0.441667
2 0.330469 0.053646 0.064062 0.092708
2 0.478906 0.205208 0.046875 0.283333
2 0.109375 0.160938 0.040625 0.126042
2 0.667969 0.232292 0.206250 0.145833
2 0.568750 0.235937 0.089063 0.080208
2 0.636719 0.106250 0.065625 0.204167
2 0.708594 0.054167 0.095312 0.064583
2 0.687500 0.376042 0.190625 0.162500
3 0.355859 0.094792 0.060156 0.093750