2 0.794531 0.526042 0.284375 0.187500
2 0.315234 0.283333 0.146094 0.418750
2 0.553711 0.872396 0.305859 0.176042
2 0.169922 0.723437 0.124219 0.215625
2 0.090625 0.521875 0.182812 0.331250
2 0.460547 0.526042 0.167969 0.087500
2 0.458984 0.251563 0.094531 0.240625
2 0.614062 0.240104 0.189062 0.117708
2 0.073633 0.049740 0.035547 0.108854
2 0.186133 0.043490 0.096484 0.088021
2 0.293945 0.078906 0.105078 0.118229
2 0.645508 0.093229 0.069922 0.151042
2 0.634375 0.541146 0.101562 0.061458
2 0.669141 0.519791 0.139844 0.077083
2 0.673633 0.372917 0.176953 0.112500
2 0.854883 0.076042 0.046484 0.144792
2 0.375781 0.643229 0.168750 0.107292
2 0.341016 0.491146 0.228906 0.151041
2 0.692187 0.629687 0.232813 0.132292
2 0.904102 0.389583 0.180859 0.558333
2 0.952148 0.894010 0.051172 0.215104
2 0.820703 0.899219 0.091406 0.194271
2 0.175391 0.797917 0.113281 0.197917
2 0.510156 0.841146 0.215625 0.194792
2 0.899219 0.794271 0.120313 0.132292
2 0.153906 0.463542 0.125000 0.170833
2 0.203516 0.359896 0.124219 0.096875
2 0.491797 0.259896 0.203906 0.244792
2 0.358594 0.447917 0.189062 0.133333