2 0.610742 0.464323 0.629297 0.682813
2 0.544141 0.508333 0.185156 0.135417
2 0.655078 0.661458 0.164844 0.175000
2 0.579297 0.846875 0.067969 0.185417
2 0.758594 0.895312 0.120313 0.088542
2 0.651563 0.813542 0.123438 0.101042
2 0.377344 0.878646 0.175000 0.223958
2 0.390820 0.427604 0.105078 0.183333
2 0.303516 0.309375 0.116406 0.114583
2 0.368750 0.160938 0.251563 0.113542
2 0.573242 0.192969 0.123828 0.201563
2 0.713281 0.314063 0.137500 0.088542
2 0.662500 0.242708 0.078125 0.202083
2 0.677344 0.400000 0.046875 0.247917
2 0.873828 0.238542 0.152344 0.097917
2 0.782813 0.429167 0.109375 0.270833
2 0.863672 0.501042 0.139844 0.170833
2 0.780469 0.674479 0.167187 0.109375
2 0.745313 0.072396 0.058594 0.114583
2 0.941211 0.614583 0.077734 0.162500
2 0.119922 0.948438 0.123438 0.156250
2 0.174219 0.451042 0.208594 0.292708