2 0.089063 0.228125 0.159375 0.312500
2 0.282617 0.091146 0.114453 0.188542
2 0.930859 0.063021 0.110937 0.147917
2 0.448047 0.283333 0.253906 0.200000
2 0.291015 0.596354 0.310156 0.428125
2 0.079688 0.500000 0.154688 0.181250
2 0.536719 0.636979 0.193750 0.430208
2 0.410742 0.847917 0.121484 0.293750
2 0.523438 0.922135 0.072656 0.191146
2 0.705860 0.815104 0.252344 0.255208
2 0.743945 0.601563 0.201953 0.288542
2 0.908203 0.330208 0.180469 0.237500
2 0.845508 0.479948 0.091797 0.311979
2 0.170703 0.723177 0.081250 0.264062
2 0.710156 0.110417 0.128125 0.114583
2 0.526172 0.268229 0.249219 0.198958
2 0.248047 0.836979 0.202344 0.307292
2 0.370703 0.498437 0.160156 0.105208
2 0.466016 0.442188 0.174219 0.069792
2 0.423438 0.610417 0.140625 0.079167
2 0.780078 0.821875 0.252344 0.200000
2 0.687891 0.459896 0.149219 0.315625