2 0.473828 0.183854 0.083594 0.294792
2 0.674219 0.292708 0.107813 0.284375
2 0.803125 0.508333 0.240625 0.364583
2 0.389844 0.435156 0.206250 0.116145
2 0.253320 0.493750 0.123828 0.360417
2 0.660937 0.854167 0.107813 0.287500
2 0.487695 0.716406 0.179297 0.216146
2 0.899219 0.285157 0.129688 0.364063
2 0.108203 0.482813 0.069532 0.217709
2 0.657813 0.564583 0.168750 0.095833
2 0.173828 0.787500 0.124219 0.179167
2 0.771484 0.106250 0.108594 0.217708
1 0.108984 0.679167 0.091406 0.114583
2 0.197656 0.433854 0.112500 0.073958
2 0.390625 0.538542 0.193750 0.110417
2 0.459375 0.367708 0.087500 0.168750
2 0.533203 0.160938 0.103906 0.282292
2 0.631250 0.180208 0.110937 0.258333
2 0.716406 0.352083 0.126562 0.210417
2 0.686719 0.519792 0.185938 0.116667
2 0.731641 0.774479 0.236719 0.263542
2 0.927734 0.827083 0.136719 0.120833
1 0.728906 0.890625 0.070312 0.127083