2 0.384766 0.256771 0.192969 0.105208
2 0.099219 0.565104 0.095312 0.121875
2 0.328906 0.859896 0.085938 0.178125
2 0.669531 0.845833 0.195312 0.120833
2 0.439843 0.490104 0.079687 0.146875
2 0.455469 0.688021 0.056250 0.176042
2 0.470313 0.819271 0.050000 0.171875
2 0.862109 0.371875 0.100781 0.162500
2 0.651172 0.268750 0.186719 0.141667
2 0.950391 0.450521 0.044531 0.230208
2 0.855859 0.549479 0.053906 0.196875
1 0.662500 0.526563 0.100000 0.355208
1 0.840625 0.768750 0.128125 0.247917