2 0.422656 0.499479 0.229687 0.119792
2 0.155469 0.444271 0.198437 0.157292
2 0.078516 0.267188 0.110156 0.140624
2 0.705469 0.303386 0.142187 0.063021
2 0.941406 0.421615 0.117969 0.130729
2 0.453906 0.292708 0.076563 0.252083
2 0.276953 0.464323 0.164844 0.257812
2 0.345898 0.713542 0.112110 0.150000
2 0.702734 0.780729 0.242969 0.105208
2 0.732422 0.485938 0.163282 0.163542
2 0.741797 0.360417 0.275781 0.110417
2 0.385156 0.271875 0.065625 0.168750
2 0.475000 0.240104 0.067187 0.238542
2 0.519531 0.226042 0.076563 0.233333
2 0.617578 0.106250 0.152344 0.108333
2 0.401562 0.075521 0.046875 0.151042
2 0.641406 0.213021 0.134375 0.207292
2 0.689453 0.236979 0.189844 0.159375
2 0.692578 0.518750 0.175781 0.108333
2 0.662891 0.638542 0.094531 0.152083