2 0.379688 0.078125 0.112500 0.143750
2 0.619532 0.088542 0.089063 0.170833
2 0.452344 0.257552 0.303125 0.131771
2 0.802734 0.684375 0.232031 0.189583
2 0.890625 0.566146 0.217188 0.180208
2 0.327734 0.396354 0.267969 0.159375
2 0.300781 0.573438 0.306250 0.173958
2 0.389844 0.822396 0.160938 0.307292
2 0.156250 0.873958 0.243750 0.143750
2 0.062500 0.598958 0.121875 0.300000
2 0.953320 0.072396 0.076172 0.152083
2 0.974414 0.904427 0.126172 0.282813
1 0.129688 0.110937 0.082812 0.221875
2 0.639844 0.691667 0.137500 0.347917
2 0.768359 0.362500 0.457031 0.368750
1 0.549219 0.344792 0.135937 0.237500
2 0.362500 0.227604 0.246875 0.192708