2 0.214062 0.364583 0.153125 0.270833
2 0.416406 0.476562 0.210938 0.201042
2 0.470313 0.297917 0.079687 0.133333
2 0.498437 0.141667 0.190625 0.072917
2 0.551953 0.165625 0.105469 0.235417
2 0.591406 0.236458 0.071875 0.179167
2 0.667578 0.222396 0.058594 0.121875
2 0.662500 0.054167 0.071875 0.102083
2 0.747656 0.052604 0.051562 0.105208
2 0.587500 0.811979 0.110937 0.192708
2 0.544141 0.888542 0.197656 0.195833
2 0.678906 0.757812 0.054688 0.184375
2 0.725000 0.783854 0.042188 0.136458
2 0.535547 0.514062 0.196094 0.142708
2 0.879687 0.466667 0.157812 0.135417
2 0.891016 0.316146 0.114844 0.173958
2 0.863672 0.234896 0.085156 0.073958
2 0.796875 0.259896 0.084375 0.313542
2 0.742188 0.273958 0.073438 0.162500
2 0.653516 0.370833 0.124219 0.193750
2 0.678516 0.422396 0.119531 0.142708
2 0.805469 0.558854 0.168750 0.117708
2 0.703125 0.542188 0.125000 0.080208
2 0.668750 0.590625 0.121875 0.054167
2 0.195312 0.718750 0.054688 0.137500