2 0.265430 0.216667 0.264453 0.147917
2 0.115234 0.384635 0.191406 0.163021
2 0.107813 0.618229 0.210156 0.165625
2 0.466797 0.821094 0.128125 0.321354
2 0.355078 0.589844 0.286719 0.172396
2 0.723047 0.385937 0.153906 0.263542
2 0.857812 0.666667 0.157812 0.182292
2 0.720898 0.799219 0.157422 0.192188
2 0.918945 0.424740 0.157422 0.158854
2 0.149609 0.892708 0.121094 0.202083
2 0.375000 0.474479 0.264062 0.107292
2 0.969141 0.757812 0.063281 0.165625
2 0.923438 0.316146 0.140625 0.151042
2 0.921875 0.125000 0.150000 0.102083
2 0.723437 0.083854 0.081250 0.161458
2 0.646094 0.083854 0.081250 0.167708
1 0.612891 0.310417 0.255469 0.211458
3 0.440234 0.478125 0.097656 0.191667