2 0.225781 0.291146 0.190625 0.101042
2 0.282031 0.576562 0.090625 0.340625
2 0.340234 0.717187 0.138281 0.234375
2 0.826562 0.822396 0.254688 0.151042
2 0.587891 0.490625 0.269531 0.150000
2 0.078906 0.527604 0.151562 0.265625
2 0.835547 0.534896 0.197656 0.082292
2 0.460547 0.262500 0.085156 0.187500
2 0.460938 0.080729 0.073438 0.161458
2 0.202344 0.809896 0.121875 0.067708
2 0.512109 0.294271 0.082031 0.148958
2 0.382422 0.059375 0.125781 0.112500
2 0.390625 0.479687 0.142187 0.109375
2 0.366016 0.322396 0.142969 0.101042
2 0.700781 0.075000 0.128125 0.089583
2 0.695703 0.132292 0.091406 0.127083
2 0.680078 0.232813 0.155469 0.186458
2 0.695312 0.291146 0.176563 0.123958
2 0.709766 0.341667 0.177344 0.125000
2 0.820312 0.349479 0.118750 0.065625
2 0.683203 0.527083 0.149219 0.072917
2 0.647266 0.665625 0.102344 0.168750
2 0.919141 0.155729 0.124219 0.067708