2 0.805859 0.676562 0.255469 0.230208
2 0.689844 0.922917 0.184375 0.141667
2 0.820313 0.491667 0.182813 0.197917
2 0.374219 0.075000 0.101562 0.141667
2 0.609375 0.091146 0.073438 0.162500
2 0.648438 0.673958 0.117188 0.364583
2 0.862891 0.354166 0.053906 0.212500
2 0.146875 0.880208 0.210938 0.135417
2 0.244531 0.322917 0.101562 0.222917
2 0.248828 0.690104 0.325781 0.576042
2 0.396484 0.747917 0.135156 0.127083
2 0.671875 0.378646 0.096875 0.138542
1 0.597266 0.426042 0.083594 0.118750
1 0.685937 0.251563 0.125000 0.207292
1 0.074609 0.173437 0.088281 0.315625
2 0.860938 0.251563 0.154688 0.207292
2 0.927344 0.089063 0.090625 0.180208