2 0.115234 0.665104 0.102344 0.232292
2 0.101562 0.552083 0.070312 0.075000
2 0.310547 0.884896 0.114844 0.205208
2 0.096484 0.334375 0.078906 0.060417
2 0.205078 0.408854 0.050781 0.138542
2 0.138281 0.356771 0.084375 0.253125
2 0.116797 0.309375 0.110156 0.164583
2 0.049609 0.197917 0.036719 0.168750
2 0.149609 0.089583 0.033594 0.110417
2 0.266016 0.061979 0.044531 0.117708
2 0.343359 0.114583 0.041406 0.147917
2 0.386328 0.126042 0.030469 0.133333
2 0.376953 0.178646 0.130469 0.163542
2 0.294141 0.645312 0.089844 0.203125
2 0.560937 0.829688 0.204687 0.134375
2 0.821875 0.430729 0.110937 0.161458
2 0.807813 0.257812 0.132812 0.101042
2 0.635547 0.048438 0.064844 0.092708
2 0.681641 0.125000 0.117969 0.104167
2 0.596094 0.139063 0.035937 0.101042
2 0.522656 0.181250 0.095312 0.191667
2 0.661719 0.235417 0.117188 0.116667
2 0.680078 0.264583 0.121094 0.229167
2 0.730859 0.430208 0.111719 0.075000
2 0.723828 0.544271 0.163281 0.098958
2 0.383594 0.314063 0.110937 0.251042
2 0.414453 0.340625 0.039844 0.137500
2 0.302344 0.465104 0.139063 0.153125
2 0.298047 0.532292 0.122656 0.227083
2 0.487109 0.368750 0.089844 0.208333
2 0.430469 0.519792 0.084375 0.191667
2 0.414062 0.740104 0.081250 0.226042
2 0.385156 0.613021 0.059375 0.148958
2 0.571875 0.501563 0.239063 0.136458