2 0.712891 0.522917 0.191406 0.218750
2 0.228125 0.141146 0.114062 0.086458
2 0.219531 0.807813 0.073438 0.180208
2 0.408594 0.590104 0.115625 0.103125
2 0.387109 0.523958 0.124219 0.095833
2 0.450000 0.204167 0.120313 0.129167
2 0.321875 0.405208 0.093750 0.104167
2 0.963281 0.559375 0.067187 0.202083
2 0.817969 0.226042 0.142188 0.093750
1 0.646875 0.923177 0.284375 0.160938
1 0.942578 0.869271 0.104688 0.267708
2 0.441406 0.322917 0.107813 0.047917
2 0.469141 0.342187 0.102344 0.082292