2 0.557031 0.600000 0.260937 0.131250
2 0.849023 0.333333 0.221484 0.098958
2 0.374414 0.773438 0.166797 0.134375
2 0.644922 0.916666 0.147656 0.152083
2 0.393750 0.293229 0.198437 0.113542
2 0.846484 0.133333 0.174219 0.162500
2 0.329297 0.553646 0.110156 0.205208
2 0.121484 0.414062 0.107031 0.148958
2 0.135547 0.209375 0.046094 0.139583
2 0.074609 0.249479 0.094531 0.148958
2 0.481250 0.264062 0.160938 0.063542
2 0.478125 0.409375 0.071875 0.214583
2 0.363281 0.426563 0.187500 0.046875
2 0.395313 0.629687 0.062500 0.119792
2 0.412500 0.491667 0.078125 0.097917
2 0.601953 0.880729 0.058594 0.171875
2 0.761328 0.839063 0.113281 0.171875
2 0.686719 0.626563 0.054688 0.151042
2 0.708984 0.544792 0.172656 0.116667
2 0.688672 0.470313 0.144531 0.136458
2 0.735156 0.384896 0.140625 0.069792
2 0.484375 0.132292 0.159375 0.106250
2 0.689063 0.111979 0.170313 0.123958
2 0.603906 0.107813 0.076563 0.073958
2 0.635547 0.293229 0.091406 0.186458
2 0.717187 0.230208 0.051562 0.162500
3 0.187891 0.884375 0.080469 0.043750
3 0.140234 0.731250 0.057031 0.066667