2 0.355859 0.446354 0.272656 0.140625
2 0.128711 0.489063 0.148047 0.260417
2 0.817969 0.907292 0.242188 0.183333
2 0.299609 0.235417 0.161719 0.231250
2 0.925586 0.502083 0.135547 0.218750
2 0.046875 0.735417 0.092188 0.275000
2 0.309375 0.522917 0.189062 0.143750
2 0.210938 0.503125 0.084375 0.077083
2 0.148828 0.122396 0.216406 0.142708
2 0.385937 0.077083 0.121875 0.060417
2 0.509766 0.231250 0.050781 0.168750
2 0.424219 0.537500 0.167187 0.133333
2 0.933203 0.785417 0.050781 0.216667
2 0.897656 0.265625 0.176563 0.175000
2 0.778125 0.538542 0.082812 0.245833
2 0.768750 0.494792 0.293750 0.127083
2 0.612109 0.152083 0.052344 0.250000
2 0.626953 0.140104 0.180469 0.094792
2 0.742969 0.218229 0.062500 0.228125
2 0.794531 0.274479 0.146875 0.082292
2 0.683594 0.385937 0.076563 0.161458
2 0.722266 0.335938 0.232031 0.096875