2 0.800977 0.772656 0.331641 0.384896
2 0.447070 0.826302 0.194922 0.334896
2 0.687305 0.379167 0.178515 0.177083
2 0.872265 0.267448 0.214843 0.228646
2 0.142578 0.776563 0.183594 0.153125
2 0.067187 0.623958 0.125000 0.127083
2 0.234766 0.411979 0.217969 0.173958
2 0.240234 0.269792 0.128906 0.075000
2 0.351172 0.119792 0.085156 0.227083
2 0.158984 0.502083 0.164844 0.150000
2 0.364844 0.533854 0.246875 0.103125
2 0.360938 0.768750 0.253125 0.208333
2 0.590234 0.916667 0.071094 0.158333
2 0.730078 0.785417 0.247656 0.164583
2 0.749219 0.894792 0.206250 0.175000
2 0.482422 0.321875 0.099219 0.225000
2 0.600000 0.570833 0.209375 0.181250
2 0.648047 0.130208 0.072656 0.097917
2 0.840234 0.510938 0.089844 0.221875