2 0.333984 0.517708 0.341406 0.156250
2 0.787305 0.586458 0.190234 0.389583
2 0.672656 0.182292 0.184375 0.275000
2 0.449805 0.150260 0.120703 0.306771
2 0.517383 0.705729 0.081641 0.254167
2 0.229687 0.252604 0.139844 0.295833
2 0.121484 0.786458 0.188281 0.291667
2 0.295312 0.861979 0.150000 0.292708
1 0.932422 0.419792 0.122656 0.347917
2 0.435156 0.904167 0.118750 0.187500
2 0.596875 0.874479 0.118750 0.246875
2 0.276172 0.564063 0.247656 0.115625
2 0.064844 0.268750 0.065625 0.218750
2 0.073828 0.493229 0.136719 0.094792
2 0.416797 0.341146 0.144531 0.209375
2 0.494922 0.400521 0.150781 0.213542
2 0.788281 0.204167 0.064062 0.225000
2 0.791406 0.850521 0.135937 0.276042