2 0.725781 0.122917 0.465624 0.241667
2 0.894141 0.389062 0.232813 0.094792
2 0.893750 0.711458 0.159375 0.377083
2 0.735742 0.823698 0.304297 0.121354
2 0.542188 0.699219 0.265625 0.300521
2 0.190234 0.582812 0.117969 0.351042
2 0.091797 0.391667 0.106250 0.307292
2 0.413281 0.478385 0.317188 0.208854
2 0.247265 0.336458 0.160156 0.135417
2 0.287109 0.822396 0.146094 0.276042
2 0.759375 0.493229 0.294531 0.118750
2 0.415235 0.320312 0.164844 0.265625
2 0.098047 0.683333 0.114844 0.068750
2 0.470313 0.945312 0.206250 0.101042
2 0.681250 0.783333 0.253125 0.214583
2 0.711328 0.667708 0.194531 0.104167
2 0.814063 0.098958 0.079687 0.185417
2 0.606250 0.333854 0.051562 0.213542
2 0.662500 0.353125 0.065625 0.131250
2 0.305078 0.081771 0.247656 0.165625
2 0.062891 0.271354 0.119531 0.090625
2 0.446875 0.104167 0.073438 0.191667
2 0.504297 0.329688 0.155469 0.130208