2 0.810937 0.132812 0.133594 0.112500
2 0.636914 0.058073 0.106641 0.098437
2 0.267578 0.064323 0.053906 0.120313
2 0.334375 0.197135 0.069531 0.142187
2 0.584766 0.304688 0.143750 0.143750
2 0.776172 0.303125 0.094531 0.285417
2 0.830859 0.502083 0.227344 0.195833
2 0.670312 0.667708 0.170313 0.175000
2 0.697266 0.851562 0.174219 0.196875
2 0.350391 0.409375 0.255469 0.147917
2 0.358008 0.509635 0.248047 0.129688
2 0.297656 0.637500 0.246875 0.133333
2 0.505273 0.654948 0.180859 0.104688
2 0.404297 0.792708 0.097656 0.225000
2 0.452344 0.930208 0.110937 0.182292
2 0.233594 0.779167 0.069531 0.151042
2 0.225000 0.503125 0.112500 0.050000
2 0.971289 0.415885 0.087891 0.067187
2 0.682813 0.478125 0.185156 0.106250
3 0.364844 0.513542 0.306250 0.108333
3 0.055859 0.152083 0.075781 0.245833
3 0.873828 0.100000 0.191406 0.102083