2 0.698438 0.105990 0.197656 0.183854
2 0.382031 0.567708 0.231250 0.081250
2 0.378516 0.700521 0.117969 0.211458
2 0.621484 0.876042 0.094531 0.254167
2 0.741797 0.847396 0.074219 0.205208
2 0.232032 0.760417 0.229688 0.135417
2 0.043359 0.377083 0.085156 0.072917
2 0.133594 0.152083 0.101562 0.100000
2 0.427735 0.332813 0.152344 0.184375
2 0.546875 0.152083 0.137500 0.064583
2 0.778125 0.319792 0.237500 0.108333
2 0.699609 0.544271 0.178906 0.134375
2 0.922656 0.090104 0.145313 0.090625
2 0.942578 0.620833 0.114843 0.170833
2 0.361328 0.059375 0.107031 0.114583
2 0.736719 0.238542 0.215625 0.152083
2 0.973437 0.914062 0.078125 0.161458
2 0.684766 0.680208 0.163281 0.054167
2 0.684766 0.476562 0.157031 0.105208
2 0.132031 0.208333 0.051562 0.156250
2 0.329297 0.483854 0.055469 0.105208
2 0.377734 0.435937 0.242969 0.073958
2 0.442188 0.423438 0.121875 0.201042
2 0.323047 0.287500 0.180469 0.087500
2 0.640234 0.126562 0.127344 0.217708