2 0.328125 0.779687 0.212500 0.236458
2 0.446289 0.915885 0.228516 0.140104
2 0.398828 0.568229 0.268750 0.075000
2 0.302930 0.447917 0.154297 0.129167
2 0.784375 0.481510 0.215625 0.096354
2 0.945703 0.636458 0.101562 0.091667
2 0.110937 0.701042 0.221875 0.275000
2 0.605469 0.867708 0.239063 0.183333
2 0.721094 0.683854 0.196875 0.105208
2 0.610547 0.430208 0.196094 0.304167
2 0.755859 0.357812 0.192969 0.153125
2 0.819141 0.093750 0.086719 0.177083
2 0.658594 0.085938 0.090625 0.173958
2 0.259766 0.291146 0.511719 0.348958
2 0.138672 0.512500 0.178906 0.070833
2 0.367188 0.151042 0.271875 0.156250
2 0.223438 0.397396 0.146875 0.109375
2 0.430078 0.066146 0.053906 0.107292
2 0.912891 0.143229 0.169531 0.296875
2 0.919922 0.853646 0.153906 0.288542
2 0.461328 0.830729 0.067969 0.163542
2 0.353906 0.703646 0.114062 0.176042
2 0.534766 0.255208 0.285156 0.114583