2 0.862109 0.113021 0.269531 0.167708
2 0.685742 0.140104 0.074609 0.168750
2 0.638477 0.164844 0.083984 0.302604
2 0.710547 0.317708 0.196094 0.054167
2 0.723633 0.365625 0.184766 0.073958
2 0.695508 0.420573 0.152734 0.039062
2 0.894727 0.333333 0.235547 0.385417
2 0.647070 0.558333 0.108203 0.204167
2 0.748047 0.611458 0.122656 0.127083
2 0.667578 0.900000 0.091406 0.225000
2 0.368945 0.133854 0.141016 0.038542
2 0.390039 0.185938 0.300391 0.153125
2 0.472852 0.347917 0.105859 0.135417
2 0.324219 0.358854 0.173437 0.048958
2 0.260156 0.294792 0.110156 0.066667
2 0.382422 0.495312 0.214844 0.219792
2 0.518164 0.625781 0.136328 0.249479
2 0.162305 0.727865 0.108984 0.132812
2 0.282031 0.756771 0.112500 0.276042
2 0.403125 0.766146 0.104688 0.244792
2 0.148828 0.870313 0.117969 0.102083