2 0.789648 0.562760 0.179297 0.246354
2 0.599219 0.902604 0.254688 0.205208
2 0.288672 0.927604 0.163281 0.190625
2 0.219141 0.667709 0.325781 0.554167
2 0.073047 0.553646 0.152344 0.144792
2 0.294141 0.379167 0.285156 0.108333
2 0.710156 0.331771 0.125000 0.261458
2 0.416406 0.164062 0.128125 0.315625
2 0.841016 0.097917 0.066406 0.197917
2 0.585938 0.247917 0.118750 0.252083
2 0.466406 0.046354 0.086719 0.159375
2 0.670508 0.047396 0.213672 0.111458
2 0.742188 0.826042 0.198437 0.291667
2 0.477344 0.561979 0.293750 0.473958