2 0.511719 0.803125 0.210938 0.108333
2 0.324219 0.852083 0.117188 0.243750
2 0.916797 0.451823 0.157031 0.197396
2 0.768945 0.397917 0.069922 0.314583
2 0.052344 0.597917 0.100000 0.110417
2 0.154297 0.677083 0.099219 0.227083
2 0.271094 0.609896 0.090625 0.178125
2 0.299609 0.402083 0.141406 0.062500
2 0.355859 0.479687 0.203906 0.090625
2 0.940234 0.687500 0.111719 0.189583
2 0.369531 0.594271 0.164062 0.123958
2 0.388281 0.291146 0.123438 0.182292
2 0.444922 0.412500 0.157031 0.060417
2 0.376172 0.157812 0.083594 0.194792
2 0.482812 0.136458 0.146875 0.231250
2 0.640625 0.104688 0.098437 0.207292
2 0.644141 0.243750 0.088281 0.200000
2 0.658203 0.310417 0.113281 0.162500
2 0.501953 0.498958 0.185156 0.158333
2 0.669141 0.565104 0.210156 0.219792
2 0.758203 0.530729 0.091406 0.121875
2 0.689844 0.360938 0.164062 0.105208
2 0.921094 0.481250 0.065625 0.197917
2 0.490234 0.320312 0.052344 0.126042
2 0.239063 0.737500 0.146875 0.083333
2 0.505469 0.933854 0.095312 0.126042