2 0.271289 0.111198 0.101953 0.218229
2 0.677148 0.084114 0.166797 0.098438
2 0.076367 0.820052 0.068359 0.213021
2 0.522852 0.905729 0.128516 0.235417
2 0.404687 0.840104 0.206250 0.317708
2 0.180078 0.267708 0.339844 0.252083
2 0.030078 0.457292 0.060156 0.156250
2 0.539453 0.578125 0.255469 0.116667
2 0.730664 0.842708 0.273828 0.137500
2 0.728516 0.752865 0.250000 0.127604
2 0.929297 0.124740 0.110937 0.239063
2 0.956836 0.224740 0.090234 0.106771
2 0.841602 0.478385 0.137891 0.344271
2 0.359570 0.676562 0.158984 0.315625
2 0.396289 0.376042 0.292578 0.106251
2 0.452734 0.293490 0.082031 0.132812
2 0.553125 0.319271 0.239063 0.161458
2 0.739453 0.434375 0.197657 0.277083
2 0.487109 0.280208 0.183594 0.250000
2 0.201172 0.833333 0.160156 0.329167
2 0.233594 0.703646 0.204687 0.563542
3 0.954688 0.850000 0.084375 0.291667
2 0.709375 0.405208 0.137500 0.200000
2 0.603906 0.383333 0.223438 0.097917