2 0.458203 0.403125 0.267969 0.262500
2 0.766797 0.768750 0.135156 0.375000
2 0.419531 0.792188 0.175000 0.107292
2 0.825781 0.490104 0.184375 0.094792
2 0.882812 0.200521 0.178125 0.134375
2 0.209961 0.086458 0.112109 0.170833
2 0.165039 0.376563 0.136328 0.052083
2 0.215039 0.535677 0.051953 0.164062
2 0.419141 0.971875 0.081250 0.114583
2 0.975000 0.467448 0.106250 0.133854
2 0.672656 0.573959 0.145313 0.085417
2 0.353906 0.504427 0.235937 0.096354
2 0.646094 0.379948 0.053125 0.251563
2 0.728711 0.332813 0.154297 0.134375
2 0.449414 0.181250 0.198829 0.141667
2 0.679297 0.201563 0.071094 0.205208
2 0.720117 0.073177 0.178516 0.123438
2 0.414258 0.042969 0.118359 0.120313
2 0.674805 0.484635 0.148828 0.064062
2 0.313281 0.094792 0.039062 0.181250
2 0.535937 0.222396 0.064062 0.121875
2 0.480859 0.220312 0.049219 0.107292
2 0.465234 0.685417 0.147656 0.322917
2 0.398828 0.565625 0.125781 0.166667
2 0.386719 0.675000 0.101562 0.106250
2 0.938672 0.687500 0.066406 0.164583