2 0.503516 0.851562 0.110156 0.244792
2 0.333398 0.833073 0.143359 0.330730
2 0.700781 0.065625 0.196875 0.110417
2 0.092187 0.451042 0.176562 0.168750
2 0.901953 0.880208 0.139844 0.135417
2 0.205859 0.801042 0.110156 0.075000
2 0.540234 0.893229 0.069531 0.117708
2 0.258203 0.659896 0.124219 0.130208
2 0.367578 0.588021 0.119531 0.065625
2 0.161719 0.608333 0.076563 0.043750
2 0.087500 0.463021 0.054688 0.255208
2 0.258203 0.477604 0.191406 0.086458
2 0.387109 0.523958 0.225781 0.135417
2 0.091797 0.267708 0.111719 0.060417
2 0.119531 0.075000 0.121875 0.075000
2 0.295312 0.166667 0.101562 0.185417
2 0.369141 0.368750 0.302344 0.133333
2 0.430859 0.296875 0.153906 0.189583
2 0.446094 0.347396 0.142187 0.201042
2 0.433984 0.200000 0.110156 0.152083
2 0.378906 0.088542 0.145313 0.179167
2 0.511328 0.150000 0.080469 0.239583
2 0.557422 0.178646 0.077344 0.165625
2 0.682422 0.693229 0.172656 0.063542
2 0.705078 0.726042 0.097656 0.200000
2 0.684766 0.548958 0.171094 0.162500
2 0.625000 0.367188 0.206250 0.178125
2 0.716406 0.421875 0.229687 0.077083
2 0.739844 0.332813 0.101562 0.107292
2 0.901172 0.320312 0.169531 0.082292
2 0.860938 0.189583 0.062500 0.147917
2 0.952734 0.223958 0.092969 0.072917
2 0.907031 0.547917 0.060937 0.095833
2 0.890625 0.463021 0.210938 0.084375
2 0.970313 0.461979 0.051562 0.144792