2 0.240625 0.625000 0.121875 0.435417
2 0.124219 0.172917 0.139063 0.100000
2 0.447266 0.532813 0.202344 0.359375
2 0.765234 0.702083 0.136719 0.404167
2 0.600391 0.297396 0.178906 0.259375
2 0.819141 0.088021 0.103906 0.169792
2 0.896484 0.296875 0.133594 0.247917
2 0.766016 0.503125 0.278906 0.133333
2 0.734766 0.343229 0.111719 0.261458
2 0.657813 0.383854 0.101562 0.173958
2 0.664844 0.083333 0.087500 0.160417
2 0.809375 0.351562 0.314063 0.305208
2 0.847656 0.654687 0.204687 0.063542
2 0.702734 0.655729 0.136719 0.065625
2 0.294531 0.885417 0.098437 0.083333
2 0.096484 0.811458 0.192969 0.141667
2 0.050000 0.583854 0.095312 0.094792
2 0.161719 0.400521 0.112500 0.096875
2 0.141797 0.312500 0.096094 0.181250
2 0.128516 0.515625 0.152344 0.093750
2 0.289062 0.108333 0.167187 0.216667
2 0.461719 0.122396 0.126562 0.234375
2 0.448437 0.151042 0.062500 0.225000
2 0.432031 0.418229 0.090625 0.144792
2 0.350391 0.600521 0.171094 0.096875
2 0.389453 0.836458 0.138281 0.322917
2 0.472656 0.818229 0.089063 0.280208