2 0.345117 0.427865 0.279297 0.159896
2 0.671875 0.276042 0.128125 0.116667
2 0.872266 0.341667 0.227344 0.150000
2 0.910352 0.695312 0.157422 0.336458
2 0.696680 0.750000 0.180859 0.271875
2 0.691406 0.883333 0.184375 0.170833
2 0.475000 0.915104 0.125000 0.161458
2 0.419922 0.659896 0.167969 0.180208
2 0.651563 0.556771 0.082812 0.234375
2 0.527344 0.316667 0.137500 0.287500
2 0.095312 0.225000 0.195312 0.250000
2 0.322656 0.884635 0.212500 0.235937
3 0.933398 0.119010 0.163672 0.110937
1 0.060156 0.141146 0.100000 0.176042
2 0.207422 0.683854 0.083594 0.144792
2 0.168359 0.527604 0.138281 0.088542
2 0.350391 0.476562 0.163281 0.259375
2 0.285156 0.634896 0.128125 0.055208
2 0.393359 0.780729 0.171094 0.261458
2 0.699219 0.552604 0.092188 0.165625
2 0.361719 0.122396 0.089063 0.153125
2 0.608203 0.065625 0.086719 0.131250
2 0.734766 0.050521 0.236719 0.090625
2 0.766016 0.203125 0.094531 0.077083
2 0.650000 0.314063 0.093750 0.169792
2 0.718750 0.432292 0.104688 0.079167